16510643
54060981
34459545
11736723
37229871
31814898
54572330
55145503
93741745
57219705
33148716
31910010
78280541
16328962
73311456
58532515
32747436
42581255
89056280
68886411
28443228
11369133
27077995
45546139
27584727
21370159
24140619
28306133
95138094
57699179
27735030
47828013
68912699
37408544
52109552
16826292
36623021
12219714
11924007
25077240
58628041
51146430
83814206
72893220
19804401
47809869
41200428
14450731
46604330
59053023
51708664
99353518
24318207
37182125
39856364
56025823
38941229
39091079
21121778
42911335
55324013
85860171
15944281
43494776
43689622
11647103
63568247
51666890
29011278
55044484
41206341
22526103
54272261
89158296
37709770
66834557
38089097
45926874
34807306
24792658
58508867
99746991
57877175
24588634
31348568
46239211
78674341
28915232
36960997
87038391
11473255
89552701
25598514
23266990
39958345
41737293
29300943
22929220
53730088
68165090
55562388
43949804
15472008
53010945
11528612
78505629
47311317
56148039
16357009
83873376
16035769
41114124
79968531
34491005
82147238
47650366
72480260
92580510
28647622
55873342
38277655
19812255
58262467
21820019
81697269
37244780
56187536
25957488
79357505
61813132
54289876
96828761
19983968
56852048
77309470
47209324
42827949
96866293
21207699
33752633
19852592
65342485
71258581
35328655
56713656
37095290
23418300
99026683
51996174
61569338
81316043
65108404
42089893
77366452
82141396
71491149
78380489
53314306
12954546
38998167
53749602
54604534
31917389
61787780
61864823
61506966
53229670
46144345
39409327
91021330
81044841
25480647
31938653
21175053
29217310
42670108
71048967
22412008
91637968
16049834
38381744
71349893
16681898
94063277
71738258
57391469
57428920
81192416
79060289
19543315
51299272
57434868
41883570
71139317
78043350
34000797
45943120
91198583
88378823
61141598
49807244
42811040
29279365
57214425
51309042
57519524
81377934
61870696
87115413
59013900
81683381
26330707
81095891
64465392
28649257
24047858
58867538
52473869
61879983
61777357
37859999
67607531
88102554
55749732
31205661
48954578
27974233
91022254
11740645
51219043
37326428
26644411
71765289
85371049
42407165
98707799
94068129
39561393
52149069
11148734
61423775
12883067
49742679
75980666
16793769
51473134
23342366
49942969
14164700
13655731
41749816
41659329
16274270
41969007
41033042
54507941
71579844
51890836
38516888
39369916
91084601
81067661
41863735
61133237
61482355
36971610
31155280
89151411
92085378
97304640
97294279
28702326
91415356
24049805
91366180
34708287
58640982
91258457
51066086
33898211
65433000
54059791
32142917
17620069
17260257
67713420
49444996
91687713
98511849
56761241
21126167
41807265
47700280
38312219
71617519
55797748
49844007
72071125
21649533
26010669
82288547
72616983
61965111
83928165
31279871
21547638
81438214
43293388
11584846
29050478
41911583
69510275
61673315
83162955
37807179
41687273
81097927
72152729
41381006
59785339
45812011
72478745
12296059
81518581
79518305
41870849
81897126
61553331
39039580
54583618
43466632
93388069
85347179
49503013
54873493
37303427
34754985
41897782
81859511
35173917
54217868
91223697
24719988
57704533
47802894
87244526
78064182
24167964
53785623
34773160
51147195
13302693
47581961
96852764
91547618
95333633
81774220
58400534
57402991
27001419
91121146
71192270
39150141
81782099
15157836
82090910
27890623
34644961
47694747
17023783
16593777
41349709
27597815
37223428
77153981
32545961
11263081
59732812
81694921
37717736
56221243
26560147
11086838
97993289
19888821
52535775
91123235
61928970
44805171
91728899
81292571
11945113
21916303
59909886
43868436
81285120
47603758
54620977
32446816
91696433
24639787
92543648
21928488
31106797
47076906
54879626
26170443
59199625
91617691
21618121
16455062
61193686
42486639
74927916
35268773
38944018
59142251
14876954
59329229
22527748
92183743
11646517
21719567
55309188
84002947
25055674
14066111
39395789
22488369
99098873
71412643
89369168
91344875
37306446
78437690
16934385
82209469
29614609
21778685
42504084
26530936
37652626
18734208
53534754
88957855
41877531
79573783
32454551
91471713
14666252
43979266
81329235
91131242
81551564
25822088
21068006
31174027
28291298
36136100
86309840
23377260
12255251
19191178
55641170
42065885
38042338
25370484
89468047
76464054
38925155
14819874
71842874
22660825
44999731
72968767
47355938
52066388
71953878
61157172
16834845
16800555
46108962
12942898
12147336
17403298
81634005
33504767
44108649
93758060
11953780
14716275
19727674
56080247
38832450
73296420
28566651
18634825
32664382
27367683
37227353
59791878
29285667
73875266
17417197
55906057
12690442
43264408
49032181
29994062
43993638
12800457
28474856
27628059
14432047
52648006
56777353
23939027
41433247
53633136
17402625
44740115
34229802
31431775
17033374
59959573
12277256
41913944
47735429
37923126
12579152
19453432
18142443
11298331
11520396
25299020
54237643
13757846
89487195
27141992
49798458
55720775
23116971
19848689
82442077
51557858
31513667
93738889
27783884
78852447
29732814
17432133
89674109
41426402
55596073
29123931
54919538
21544017
28298586
41381531
92220107
26697721
12958162
92618387
17210352
27343388
17633193
67467945
42173475
52479260
21197087
21580009
18312630
83152223
33532917
59541778
18064097
58672909
77034730
54030019
36531656
18063177
79310345
22152984
54987281
47970260
53028107
72609192
58864553
66533301
17212992
53411894
15308938
51243775
34237078
75307378
38438514
24562785
53204592
42520793
52256352
33114798
43558377
87238277
39476169
44451671
27473894
26715857
27792841
29251469
73720915
38361109
12815911
18085712
31770877
32204436
23819334
32407790
21370647
26472085
19003764
36703268
58748194
52047831
96366086
36547848
33666288
13143014
46501385
18306540
35513834
63187828
32146796
41088465
18165438
31082024
86224059
55663537
41139952
44462383
25382447
38410732
31293692
21299019
27122156
54540978
62468207
27385625
55446025
89680167
28276483
21352781
52066876
12874140
68842040
37081734
25776280
94654760
87677493
28043738
54226938
24586521
11176207
33222447
24147743
58721399
59448358
17036403
64957934
36556579
97638400
16119414
38984490
31560448
44582816
13760132
11361314
19984057
21692048
34030458
24010042
26183417
72602080
42357501
45342189
11424092
15516549
25663707
36018143
55893810
34746508
18640529
41304643
49949171
11373092
64631924
57158985
47857545
15799986
36239298
32018616
45373002
58456644
12599236
59655455
59992720
59661489
26279624
21482014
24298675
25069003
51259247
92945046
52450686
43621701
35526153
41257125
14082931
29961433
51766105
22691356
14256464
44055042
41419480
96729391
89677958
42218277
47818775
46165682
59416400
59958987
24134770
15001258
18922741
47616070
37602817
21136974
34269713
43641880
47530673
98451754
47639614
55830782
46388246
44638694
22166931
27583671
94534821
74181896
12622764
14261274
31572755
32890970
41058940
22459084
35009063
82641281
43073103
72936516
16635174
46404426
21470872
32754402
43797638
39175533
57690495
34704875
39560489
77439399
26052173
85983770
18455892
33236641
57498366
52495342
18586269
87990285
16376890
55191384
93508704
97788360
76371463
33391147
77604807
57905431
24364376
44177387
58967558
86554731
44204604
65599811
19481927
52079755
39973003
19797481
41495231
96521283
19128987
96023022
23139310
46262193
41368538
83377381
23929385
54658705
77462002
88963955
38992778
19622255
34232179
43336347
74260935
74327536
73977415
49744807
25410105
89863488
22932641
21643260
33884510
22784689
18736550
24017276
26685111
25331178
43603743
32490274
32450506
53290365
33862994
11858234
19065668
45321199
37374578
47253152
19527010
68167496
78331075
33856408
15502269
57119080
16650491
21044032
32002822
15708073
11576895
16603049
43180634
35154180
96208167
55383869
41928615
41650266
37267010
58713880
84405827
12436510
33065588
32764891
44652285
44446540
42552702
42412857
36780345
53884065
41005059
39853066
38084016
12011918
67366837
57458307
35274092
21426941
16488471
69044298
25367931
54243862
54361236
79985469
51678152
26092749
43483269
54564693
25060319
22309748
44525476
42595517
57200149
26380550
79620664
46160783
28793468
25710315
75466540
54510408
13321667
51233041
26781537
25985526
15069204
82508697
11124652
44531392
29186972
36496130
39959324
69742010
35839100
72965058
19569684
12055578
27533445
51950272
16473306
12827820
88585174
98431070
24913425
21996670
85763125
53050111
56168579
32738839
41985002
21692560
72697639
99411137
23405984
21608183
97109484
34095593
11113985
64963317
69259089
56499501
52918003
42726854
51885412
37469553
17129348
49530578
43747373
84177944
68503570
43122789
15921899
11858462
35170032
55057509
14595079
11069016
51753892
12789686
36748831
47935347
29435317
57079385
79799905
26528376
67241300
39070424
79474314
56273491
37287982
41363628
45944299
53117187
27016768
97613365
79521972
33462761
11771875
47799990
19511502
45503575
19305351
28579300
62279289
75335071
21347839
37446601
61503436
27054448
33227887
61680596
62155616
22909687
72604417
49274793
51720182
61409830
24669575
91714408
29721198
49713955
91611168
21010472
27025207
46291467
81262685
42089842
13179634
37760003
41503981
33669118
34452047
47952399
38999418
23968487
92120092
27395706
74493337
72073017
48558993
91601744
43931542
79543284
79667176
55704223
57885658
31986556
61312753
95395226
87627258
41130744
81562340
61903349
81613901
71639560
17169277
94215216
34359603
24485461
56940415
56384316
27096552
51264110
59328383
19515915
51040603
94891953
81971316
12097401
74348240
82090492
57745964
65392444
43535134
41033193
25363012
41772042
44731097
31977064
33623468
61027748
61045211
36751530
41710572
53036740
73962151
38617696
33867173
51204579
94057574
22016559
47728309
31851169
61755443
81576892
15533848
25328419
58202712
11070741
71591621
24981964
91291106
51315342
95938376
31087828
61457909
91553369
87288764
61977757
71479837
74212688
11182750
17902206
15103321
15295900
13626625
18012133
18130351
12111662
34259192
26446465
17471102
77700191
98752729
71985961
91398733
44642347
33434177
41234907
58845278
22529672
91881683
18950705
56779890
44329313
46314745
42123299
28733676
29918302
76404648
81405760
95293376
18783982
15610492
47063921
37964612
14504505
44255712
36062557
81543749
38062532
31949993
81858282
84184170
47338132
91202268
85786517
63536379
27137300
51215763
21187606
56145602
67517044
29862078
65770779
84906398
57246592
22425506
11676270
53946657
91879387
23437644
62079790
81688411
41911180
81000902
41613638
61870270
72127317
41496127
86783626
21947327
71672338
77434714
98873419
58176566
71576101
81923372
67785761
46026440
61003285
53854851
38298570
51084435
52316307
61010358
38712661
34505481
58950039
18623097
32300828
71053933
76031955
85730933
49498488
51266328
21255638
12240259
16114838
53430282
57358414
57184615
99386850
76174212
71529954
49621162
16936353
51904876
11621933
71231609
36726387
31457377
46236946
71223569
98863693
29167120
62056016
54300946
91835496
35409855
11910720
94630315
78881984
39211326
24141930
44658855
16477702
82118102
61404254
52318340
11373049
64094084
82530338
39411722
59061261
31936893
11819735
71284628
48596522
21161470
51659731
58770874
51740180
74149220
47129774
39550492
31966039
33127844
22413719
39718722
31359640
45470790
33317008
44896541
71874231
32598701
53015082
21346860
47957794
54742073
88056441
46144037
53553053
78671517
82104270
76580670
72131927
14176845
11388359
13618091
72875780
46785574
41691498
81173135
81218283
32655185
72108489
52094524
97559519
47721575
51017306
81873406
55076753
73093933
96637287
93265249
32723249
14628900
34125505
34907646
14808772
91456168
63155006
13528048
58889057
84374238
56649229
93859683
51452809
91888872
47677327
71623078
49893246
45136830
97837782
63686570
42548619
31159160
95021248
71335831
47779270
81455843
55505008
61968624
21107730
74865602
17557698
11294292
21522681
11897456
22360293
11038154
51585532
92871024
28759868
86554923
35619414
31958506
15969931
59646087
58063118
81627703
76507962
37064095
45755070
26029682
64399038
95495153
44240750
15694027
14421471
25713652
81281069
36569535
61906658
49995073
49374370
45383374
29214066
56780613
73940831
23520638
27631658
47625667
36574333
13939867
88785021
45495371
85793060
18706305
65495393
78754393
66711660
51917196
48029048
42800860
16487889
25881778
42452528
81947341
47865483
44792960
95723063
91822618
44263650
19330993
54809745
32359663
64192745
52054834
71316252
81934916
41180774
56020752
72048454
45407052
81138484
17478436
72350740
71004580
82111543
31101606
44265431
85421756
61162523
31154207
48238022
29698962
48653019
52281175
61505818
18684061
54074764